sphere: -15.0,-15.0,400.0 5.0 255,132,66 0.0,0.0,0.0
sphere: 15.0,-15.0,400.0 5.0 255,132,66 0.0,0.0,0.0
sphere: -65.0,-25.0,300.0 15.0 255,132,66 0.0,0.0,0.0
sphere: 65.0,-25.0,300.0 15.0 255,132,66 0.0,0.0,0.0
sphere: -65.0,-35.0,100.0 25.0 255,132,66 0.0,0.0,0.0
sphere: 65.0,-35.0,100.0 25.0 255,132,66 0.0,0.0,0.0
plane: 0.0,10.0,40.0 0.0,1.0,0.0 255,255,255 0,0,0 0.0,0.0,0.0
cylinder: 0.0,0.0,0.0 0.0,0.0,-10.0 2.0 255,255,255 0,0,0 0.0,0.0,0.0
cylinder: 10.0,0.0,0.0 10.0,0.0,10.0 2.0 255,255,255 0,0,0 0.0,0.0,0.0
cylinder: 20.0,0.0,0.0 20.0,0.0,10.0 2.0 255,255,255 0,0,0 0.0,0.0,0.0
cylinder: 30.0,0.0,0.0 30.0,0.0,10.0 2.0 255,255,255 0,0,0 0.0,0.0,0.0
cylinder: 40.0,0.0,0.0 40.0,0.0,10.0 2.0 255,255,255 0,0,0 0.0,0.0,0.0
cylinder: 50.0,0.0,0.0 50.0,0.0,10.0 2.0 255,255,255 0,0,0 0.0,0.0,0.0
cylinder: 60.0,0.0,0.0 60.0,0.0,10.0 2.0 255,255,255 0,0,0 0.0,0.0,0.0
cylinder: 70.0,0.0,0.0 70.0,0.0,10.0 2.0 255,255,255 0,0,0 0.0,0.0,0.0
cylinder: 80.0,0.0,0.0 80.0,0.0,10.0 2.0 255,255,255 0,0,0 0.0,0.0,0.0
cylinder: 90.0,0.0,0.0 90.0,0.0,10.0 2.0 255,255,255 0,0,0 0.0,0.0,0.0
cylinder: 100.0,0.0,0.0 100.0,0.0,10.0 2.0 255,255,255 0,0,0 0.0,0.0,0.0
cylinder: -10.0,0.0,0.0 -10.0,0.0,10.0 2.0 255,255,255 0,0,0 0.0,0.0,0.0
cylinder: -20.0,0.0,0.0 -20.0,0.0,10.0 2.0 255,255,255 0,0,0 0.0,0.0,0.0
cylinder: -30.0,0.0,0.0 -30.0,0.0,10.0 2.0 255,255,255 0,0,0 0.0,0.0,0.0
cylinder: -40.0,0.0,0.0 -40.0,0.0,10.0 2.0 255,255,255 0,0,0 0.0,0.0,0.0
cylinder: -50.0,0.0,0.0 -50.0,0.0,10.0 2.0 255,255,255 0,0,0 0.0,0.0,0.0
cylinder: -60.0,0.0,0.0 -60.0,0.0,10.0 2.0 255,255,255 0,0,0 0.0,0.0,0.0
cylinder: -70.0,0.0,0.0 -70.0,0.0,10.0 2.0 255,255,255 0,0,0 0.0,0.0,0.0
cylinder: -80.0,0.0,0.0 -80.0,0.0,10.0 2.0 255,255,255 0,0,0 0.0,0.0,0.0
cylinder: -90.0,0.0,0.0 -90.0,0.0,10.0 2.0 255,255,255 0,0,0 0.0,0.0,0.0
cylinder: -100.0,0.0,0.0 -100.0,0.0,10.0 2.0 255,255,255 0,0,0 0.0,0.0,0.0
light: 0.0,-60.0,300.0 0.0,0.0,0.0
camera: 0.0,-20.0,-140.0 0,0,0 0.0,0.0,0.0